cdg_ddg:  17007
TP:2818.0 FP:283.0 FN:618.0 TN:13288.0
FPR: 0.02085329010389802
FNR: 0.179860302677532
Accuracy: 0.9470218145469512
precision: 0.90873911641406
recall: 0.8201396973224679
fbeta_score: 0.8621691907602876
test_time:1576.105051279068
--------------------
