cdg_ddg:  17007
TP:2880.0 FP:370.0 FN:556.0 TN:13201.0
FPR: 0.027264018863753594
FNR: 0.16181606519208383
Accuracy: 0.9455518315987534
precision: 0.8861538461538462
recall: 0.8381839348079162
fbeta_score: 0.8615016452288364
test_time:1739.1659319400787
--------------------
