cdg_ddg:  17007
TP:3008.0 FP:513.0 FN:428.0 TN:13058.0
FPR: 0.03780119372190701
FNR: 0.12456344586728754
Accuracy: 0.9446698418298348
precision: 0.8543027548991764
recall: 0.8754365541327125
fbeta_score: 0.8647405490872503
test_time:1736.3412425518036
--------------------
cdg_ddg:  17007
TP:3008.0 FP:513.0 FN:428.0 TN:13058.0
FPR: 0.03780119372190701
FNR: 0.12456344586728754
Accuracy: 0.9446698418298348
precision: 0.8543027548991764
recall: 0.8754365541327125
fbeta_score: 0.8647405490872503
test_time:1557.8298273086548
--------------------
cdg_ddg:  17007
TP:3008.0 FP:513.0 FN:428.0 TN:13058.0
FPR: 0.03780119372190701
FNR: 0.12456344586728754
Accuracy: 0.9446698418298348
precision: 0.8543027548991764
recall: 0.8754365541327125
fbeta_score: 0.8647405490872503
test_time:1560.2991335391998
--------------------
